        //0 : rien
        //1 : mur
        //2 : pacman
        //3 : fantôme
        //4 : gomme
        //5 : fruit
        //6 : champignon
        int[][] tab = {
            {1, 1, 1, 1, 1, 1, 1, 1, 1, 1, 1, 1, 1, 1, 1, 1, 1, 1, 1, 1, 1, 1, 1},
            {1, 4, 4, 4, 4, 4, 4, 4, 4, 4, 4, 1, 4, 4, 4, 4, 4, 4, 4, 4, 4, 4, 1},
            {1, 5, 1, 1, 1, 4, 1, 1, 1, 1, 4, 1, 4, 1, 1, 1, 1, 4, 1, 1, 1, 5, 1},
            {1, 4, 1, 1, 1, 4, 1, 1, 1, 1, 4, 1, 4, 1, 1, 1, 1, 4, 1, 1, 1, 4, 1},
            {1, 4, 4, 4, 4, 4, 4, 4, 4, 4, 4, 4, 4, 4, 4, 4, 4, 4, 4, 4, 4, 4, 1},
            {1, 4, 1, 1, 1, 4, 1, 4, 1, 1, 1, 1, 1, 1, 1, 4, 1, 4, 1, 1, 1, 4, 1},
            {1, 4, 4, 4, 4, 4, 1, 4, 1, 1, 1, 1, 1, 1, 1, 4, 1, 4, 4, 4, 4, 4, 1},
            {1, 1, 1, 1, 1, 4, 1, 4, 4, 4, 4, 1, 4, 4, 4, 4, 1, 4, 1, 1, 1, 1, 1},
            {1, 1, 1, 1, 1, 4, 1, 1, 1, 1, 4, 1, 4, 1, 1, 1, 1, 4, 1, 1, 1, 1, 1},
            {1, 1, 1, 1, 1, 4, 1, 4, 4, 4, 4, 4, 4, 4, 4, 4, 1, 4, 1, 1, 1, 1, 1},
            {1, 1, 1, 1, 1, 4, 1, 4, 1, 0, 0, 0, 0, 0, 1, 4, 1, 4, 1, 1, 1, 1, 1},
            {1, 4, 4, 4, 4, 4, 6, 4, 1, 0, 0, 0, 0, 0, 1, 4, 6, 4, 4, 4, 4, 4, 1},
            {1, 1, 1, 1, 1, 4, 1, 4, 1, 1, 1, 1, 1, 1, 1, 4, 1, 4, 1, 1, 1, 1, 1},
            {1, 1, 1, 1, 1, 4, 1, 4, 4, 4, 4, 4, 4, 4, 4, 4, 1, 4, 1, 1, 1, 1, 1},
            {1, 1, 1, 1, 1, 4, 1, 4, 1, 1, 1, 1, 1, 1, 1, 4, 1, 4, 1, 1, 1, 1, 1},
            {1, 1, 1, 1, 1, 4, 1, 4, 1, 1, 1, 1, 1, 1, 1, 4, 1, 4, 1, 1, 1, 1, 1},
            {1, 4, 4, 4, 4, 4, 4, 4, 4, 4, 4, 1, 4, 4, 4, 4, 4, 4, 4, 4, 4, 4, 1},
            {1, 4, 1, 1, 1, 4, 1, 1, 1, 1, 4, 1, 4, 1, 1, 1, 1, 4, 1, 1, 1, 4, 1},
            {1, 5, 4, 4, 1, 4, 4, 4, 4, 4, 4, 2, 4, 4, 4, 4, 4, 4, 1, 4, 4, 5, 1},
            {1, 1, 1, 4, 1, 4, 1, 4, 1, 1, 1, 1, 1, 1, 1, 4, 1, 4, 1, 4, 1, 1, 1},
            {1, 4, 4, 4, 4, 4, 1, 4, 4, 4, 4, 1, 4, 4, 4, 4, 1, 4, 4, 4, 4, 4, 1},
            {1, 4, 1, 1, 1, 1, 1, 1, 1, 1, 4, 1, 4, 1, 1, 1, 1, 1, 1, 1, 1, 4, 1},
            {1, 4, 1, 1, 1, 1, 1, 1, 1, 1, 4, 1, 4, 1, 1, 1, 1, 1, 1, 1, 1, 4, 1},
            {1, 6, 4, 4, 4, 4, 4, 4, 4, 4, 4, 4, 4, 4, 4, 4, 4, 4, 4, 4, 4, 6, 1},
            {1, 1, 1, 1, 1, 1, 1, 1, 1, 1, 1, 1, 1, 1, 1, 1, 1, 1, 1, 1, 1, 1, 1}
        };




